SpeedTest2:0.4302652779999999
SpeedTest3:0.4996776030000001
SpeedTest4:2.2568749080000003
SpeedTest5:2.353514184
SpeedTest6:1.3081929950000006
SpeedTest7:1.6057889050000007

